141034201010020061
141034201107070057
141034201009040022
141034201101300026
141034201105260017
141034201107060027
141034201106220041
141034201106020074
141034201101250000
141034201107010046
141034201106090048
141034201106290066
141034201104180015
14103420110411005x
141034201107280011
141034201107090058
141034201103260021
141034201104160049
141034201010110104
141034201102120027
141034201012020065
141034201108090105
141034201002250035
141034201012290014
141034201012120058
141034201010160064
141034201102270076
14103420110330002X
141034201106020023
511921201105083782
141034201010110083
141034201107200069
141034201107160108
14103420110525002X
500118201010273992
141034201104270029
141034201009080016
141034201011210019
141034201009070010
141034201105260033
141034201105080059
141034201010200000
141034201104180031
141034201401140034
141034201011080015
141034201105270055
141034201010210076
141034201010140047
141034201107130101